30 30
0 29 8
1 19 63
2 12 5
3 2 56
3 17 30
3 27 7
5 11 63
7 0 11
7 4 6
7 21 30
7 26 3
8 6 5
8 7 2
8 15 39
9 8 3
9 12 20
9 26 9
9 27 4
10 2 20
10 24 12
11 0 5
11 7 8
12 3 5
13 6 2
13 8 5
13 14 2
13 20 10
13 29 24
14 3 2
14 6 3
14 21 4
14 24 1
14 27 7
15 2 3
15 3 1
15 15 5
15 16 2
15 17 2
15 19 1
15 21 2
15 22 2
16 20 8
16 23 6
17 0 2
17 3 24
17 7 2
17 14 6
17 16 2
17 18 12
17 24 4
17 25 7
17 26 1
17 29 4
18 5 12
18 8 6
18 19 2
18 23 3
18 29 4
21 9 3
21 13 13
21 15 5
21 17 14
21 27 44
22 1 12
22 10 9
22 14 3
23 4 13
23 11 4
23 20 16
24 0 7
24 7 14
24 25 9
25 0 6
25 11 7
25 14 14
25 17 10
25 23 32
26 4 9
27 19 21
28 3 6
29 0 2
29 12 30
