30 30
0 16 30
1 29 4
2 9 14
2 10 5
2 16 6
3 22 35
4 1 51
4 29 16
5 5 6
5 12 12
5 13 3
5 16 4
5 21 15
6 3 4
6 5 4
6 14 4
6 16 8
7 12 1
7 13 2
7 14 1
7 27 25
8 18 5
8 21 12
8 23 2
9 10 5
9 26 32
10 24 8
10 29 1
11 7 36
11 21 28
11 28 3
12 10 1
12 23 5
13 3 13
13 24 1
14 6 10
14 28 8
15 4 44
15 11 10
16 6 2
16 10 4
16 19 28
16 25 2
17 8 6
17 11 2
17 23 10
17 26 2
17 29 14
18 0 2
18 1 4
18 24 10
19 0 2
19 1 2
19 10 54
19 13 57
19 26 12
20 1 2
22 28 2
23 28 2
24 15 23
24 17 51
24 26 3
25 28 22
28 3 36
28 10 57
29 28 15
