30 30
0 0 28
1 11 27
1 17 22
2 7 16
2 15 10
4 17 4
5 2 4
5 8 63
5 17 4
5 25 45
6 0 5
6 10 7
6 18 8
7 24 6
8 17 4
8 24 2
9 0 1
9 2 8
9 12 3
9 25 4
9 27 2
10 13 3
10 16 2
11 2 2
11 28 6
12 10 3
12 11 21
12 14 26
12 17 4
12 18 2
12 22 60
13 2 3
13 4 2
13 6 2
14 0 40
14 3 4
14 19 2
14 23 36
15 20 2
16 7 5
17 2 20
17 9 10
17 10 10
17 19 10
17 20 2
18 9 3
18 13 2
18 15 3
19 14 4
19 16 15
21 8 55
21 11 16
21 17 16
21 18 14
21 24 16
22 13 15
24 10 2
25 2 21
25 20 9
25 29 34
26 22 4
26 25 48
28 10 28
28 18 20
29 2 12
29 29 13
