30 30
1 8 36
1 28 18
2 6 39
2 7 13
2 9 28
2 23 2
3 26 5
5 18 55
5 23 8
5 24 12
5 26 3
6 27 10
7 17 16
8 13 4
9 3 56
9 15 3
9 16 4
9 18 3
9 21 2
9 22 7
9 26 2
9 29 2
10 9 60
10 13 7
10 15 2
10 19 7
10 20 1
10 27 1
10 29 2
12 15 1
12 17 6
12 23 2
12 28 3
13 5 3
13 14 4
13 15 1
13 29 3
14 0 1
14 2 2
14 4 4
14 8 6
14 24 2
15 1 2
15 18 16
15 29 4
16 1 3
16 23 9
16 25 22
16 26 9
17 0 3
17 8 4
17 13 1
17 14 4
17 22 5
17 27 11
18 14 24
18 19 5
19 24 7
20 8 5
20 22 5
21 26 3
22 6 18
22 24 2
23 1 10
23 27 6
24 19 4
26 0 10
26 24 36
27 17 48
27 18 8
27 21 38
28 12 42
29 1 2
29 3 60
29 29 28
