40 40
0 28 75
1 10 121
1 39 38
3 0 24
7 1 12
11 4 12
11 11 90
11 14 2
11 18 96
12 0 6
12 21 4
14 2 26
14 17 50
14 22 9
15 1 2
15 5 12
15 23 62
16 1 10
16 25 6
16 29 7
17 21 2
18 20 48
19 26 12
19 38 4
20 6 9
20 35 69
21 1 4
21 2 3
21 5 3
21 34 24
21 39 5
22 0 4
22 2 2
22 13 15
22 22 2
22 29 5
23 17 6
23 21 8
23 25 6
23 27 20
23 35 2
23 38 1
24 3 6
24 6 2
24 36 1
24 37 2
24 39 14
25 0 2
25 1 1
25 2 2
25 5 2
25 22 3
25 27 1
25 28 2
25 34 2
25 37 2
26 2 2
26 3 2
26 4 6
26 5 28
26 7 2
26 11 4
26 17 4
26 32 116
26 34 7
26 37 2
27 10 2
27 12 2
27 13 2
27 21 4
27 26 2
27 27 5
28 8 10
28 14 8
28 20 5
28 28 6
28 35 8
28 36 3
29 9 4
29 25 3
29 26 4
29 31 4
29 37 5
30 1 65
30 10 3
30 11 3
30 15 22
30 29 6
30 36 2
31 24 3
31 27 2
31 38 2
32 7 12
32 30 12
33 25 4
33 33 8
33 34 3
34 28 40
35 37 20
37 13 105
37 36 12
38 13 18
38 38 48
