40 40
0 35 38
1 3 15
2 12 12
2 26 54
4 34 36
4 37 78
5 15 51
6 39 22
7 17 42
7 23 78
8 5 90
12 6 2
13 2 4
14 2 2
14 4 8
14 24 8
14 29 16
15 2 2
15 5 10
15 7 4
15 18 2
16 9 21
16 10 81
17 3 18
18 8 22
18 27 68
19 4 5
19 6 14
20 17 8
20 24 4
20 34 16
21 16 14
22 15 6
22 18 17
23 7 12
23 17 3
24 25 2
24 39 3
25 14 21
25 19 24
25 24 6
25 26 3
25 27 14
25 39 5
26 17 6
26 21 28
26 25 3
27 23 10
28 4 13
28 6 2
28 19 3
28 20 3
28 21 2
28 24 3
28 29 7
28 34 4
29 16 3
29 19 1
29 22 66
29 26 5
29 38 12
30 0 38
30 5 10
30 6 1
30 7 5
30 14 3
30 19 4
30 29 1
30 35 1
31 6 2
31 10 6
31 27 1
31 28 2
31 33 100
31 34 1
31 36 2
31 37 6
32 5 1
32 15 16
32 28 4
32 34 4
32 35 2
32 36 4
33 6 3
33 9 1
36 31 98
38 7 102
39 0 2
39 1 48
